version: 1
creator: callgrind-3.10.1
pid: 22060
cmd:  ./alloctest -p
part: 1


desc: I1 cache: 
desc: D1 cache: 
desc: LL cache: 

desc: Timerange: Basic block 0 - 935049561
desc: Trigger: Program termination

positions: line
events: Ir
summary: 3123795511


ob=(2) ???
fl=(14) ???
fn=(264) 0x0000000000400de0
0 6

fn=(206) 0x0000000004a25560
0 6

ob=(5) /afs/.ir.stanford.edu/users/k/e/keanus/a7_shared/alloctest
fl=(67) /afs/.ir/users/k/e/keanus/a7_shared/alloctest.c
fn=(568) run_scripts
cfi=(135) /afs/.ir/users/k/e/keanus/a7_shared/fcyc.c
cfn=(642) fsecs
calls=15 95 
184 3123691624

fn=(684) eval_performance
377 1562
+1 142
-7 426
+7 142
+1 28880275
+1 5776055
+2 29797761
+3 22022472
cfi=(141) /afs/.ir/users/k/e/keanus/a7_shared/allocator.c
cfn=(706) mymalloc
calls=2752809 196 
* 2181327265
* 5505618
+1 8258427
+1 2752809
+1 22022172
+4 6562620
cfi=(141)
cfn=(740) myrealloc
calls=729180 520 
* 511872664
* 1458360
+1 3645900
+1 729180
+1 5833440
+4 13764396
cfi=(141)
cfn=(708) myfree
calls=2294066 +80 
* 194724375
+1 4588132
+1 4588132
+5 2294066
cfi=(142) /afs/.ir/users/k/e/keanus/a7_shared/segment.c
cfn=(710) heap_segment_size
calls=2294066 30 
* 4588132
* 3481989
cfi=(142)
cfn=(710)
calls=3481989 30 
* 6963978
* 22792720
+1 2425709
cfi=(142)
cfn=(710)
calls=2425709 30 
* 4851418
* 2425709
+1 2425709
-30 17328449
+34 1420

fn=(282) main
cfn=(568)
calls=1 172 
129 3123691624

fl=(135)
fn=(642)
cfn=(668) fcyc
calls=1 185 
102 4301612
cfn=(668)
calls=14 185 
102 3119390012

fn=(668)
cfi=(67)
cfn=(684)
calls=142 369 
193 3123691624

fl=(141)
fn=(706)
196 6746958
-1 10120287
63 3373429
195 3373429
63 3373429
195 3373429
+4 6746858
+3 56296
-3 112592
-36 112592
+3 112592
-3 28984846
+3 39394616
+18 222042427
-18 444084854
+1 1126301140
+2 3217801
+1 3217801
+3 6435602
+1 141032
+6 7755412
+89 1319810
-4 1319810
+4 4537611
-4 1897991
+4 3795982
+2 2469905
+1 2469905
+6 2469905
-6 4939810
+1 2469905
+2 2469905
+3 4939810
+2 3295010
-1 1647505
109 1647505
+1 1647505
286 5762210
+1 822400
cfn=(708)
calls=822400 479 
* 38743079
* 1647505
cfn=(708)
calls=1647505 479 
* 79744931
* 4939810
+44 6435602
+1 12766984
+1 3191746
-1 3191746
+1 3191746
+3 3191746
-3 3191746
+3 3191746
+5 9653403
+1 9645030
+2 9645030
+4 4083678
93 6634266
202 3317133
93 6634266
+1 6634266
+68 33992754
-99 155628
209 155628
+1 311256
cfi=(142)
cfn=(694) extend_heap_segment
calls=155628 52 
* 4824468
* 155628
+5 155628
+1 622512
+3 155628
-3 155628
+3 155628
+6 933768
+7 466371
+4 9668
-3 9668
+3 29004
-3 9668
+3 9668
+1 9668
+5 9668
-6 9668
+5 9668
+1 9668
+2 9668
+46 1495792
+2 222893
-1 222893
+1 222893
+4 222893
-3 222893
-1 668679
+7 668679
+4 424384
+7 636576
110 212192
310 212192
+5 1485332
+4 668679
114 668679
+1 445786
300 32103
176 6153538
327 3147227
+17 5385632
+4 16156896
-12 172
196 50
348 50
248 145789
+1 583156
+4 145789
-3 145789
-1 145789
+5 291578
cfn=(708)
calls=145789 479 
* 7104619
+3 145789
+1 291578
+57 36
-95 611400
+6 342
+1 6634437
-65 9951399

fn=(708)
479 11262778
-2 5631339
353 11262678
+1 5631339
+1 5631339
-2 5631339
+1 5631339
+3 22525356
+2 3014714
+65 1391034
93 695517
+1 695517
424 1391034
+3 1391034
-3 695517
+1 695517
+3 695517
-3 695517
+3 695517
-3 695517
93 2086551
+1 1391034
+1 1391034
433 695517
-1 695517
+1 695517
+1 668657
+1 668657
+1 1337314
+1 587484
+4 1337314
+1 609680
93 1219360
+1 609680
-1 1219360
+1 1219360
-1 171674
+1 85837
-1 171674
+1 171674
+1 1391034
448 1391034
+1 677386
+1 677386
+1 1354772
+1 382914
+4 1354772
+1 620102
+4 620102
+3 620102
-2 620102
-1 620102
+1 620102
+2 620102
-2 620102
+2 620102
-3 75415
+3 75415
-2 75415
-1 75415
+1 75415
+2 75415
-2 75415
+2 75415
+2 1338074
+3 3398145
357 16614478
93 7554674
+1 3777337
-1 7554674
+1 7554674
-1 3708004
+1 1854002
-1 3708004
+1 3708004
+1 11262678
485 5631339
+3 5631339
-3 5631339
+3 5631339
110 4601964
494 11262678
114 22352032
+1 5588008
501 5588008
+3 11176016
-3 43331
+3 232451
+3 14709579
+1 3446901
+1 3446901
+2 3446901
-1 3446901
+1 3446901
-3 2184438
+1 2184438
+2 2184438
-1 2184438
+1 2184488
392 1505130
+1 1505130
93 752565
+1 752565
393 3010260
+1 2257695
93 2257695
+1 1505130
+1 1505130
398 1505130
+1 658241
+1 658241
+1 1316482
+1 378562
+4 1316482
+1 579165
+4 579165
+4 579165
-2 1158330
+2 579165
-2 579165
+2 579165
-4 173400
+4 173400
-2 346800
+2 173400
-2 173400
+2 173400
+2 1504996
+3 3762624
-59 405920
93 405920
+1 405920
361 405920
+1 1217760
93 1217760
+1 811840
368 337937
+1 337937
+1 675874
+1 218924
+4 675874
+1 252488
+8 252488
-4 252488
+2 504976
+2 252488
-2 252488
+2 405920
-4 153432
+2 306864
+2 153432
-2 153432
+2 153432
+2 386665
+3 1585170
95 811840
367 405920
-1 405920
+1 743857
+22 77020
+31 335
-47 357039
+96 132400
-65 839037
+50 883416
-15 243519

fn=(740)
520 729180
+2 729180
63 729180
520 729180
63 1458360
520 2916720
+1 2187540
+2 1458360
+2 3609919
+2 3189069
+2 495428
+3 495428
93 132536
+1 66268
-1 132536
+1 132536
535 66268
+1 66268
+2 132536
+1 15124
+5 132536
+1 22371
+3 22371
+1 22371
+2 22371
+4 22371
-5 22371
+1 67113
+2 89484
+3 22371
-3 22371
+3 22371
-8 43897
+1 43897
+2 43897
+4 43897
-5 43897
+1 131691
+2 175588
+3 43897
-3 43897
+3 43897
+1 152973
+1 50991
+2 147813
+2 15277
cfn=(708)
calls=15277 -83 
* 720106
* 50991
cfn=(708)
calls=50991 -83 
* 2468982
* 66268
+66 66268
-64 66268
+64 373582
-64 42242
+64 211210
525 604
+2 604
+39 1196616
+2 35227
-1 35227
+3 35227
-2 35227
+2 35227
+1 35227
-1 35227
+3 105681
+5 140908
+21 35227
-21 35227
+21 35227
+6 536
-2 536
+1 536
+2 1072
+3 70454
+6 620670
cfn=(706)
calls=620670 196 
* 115488902
+1 620670
-1 620670
+1 1241340
+1 620670
+1 1241340
+1 1429110
+1 476370
+2 476370
fi=(129) /usr/include/x86_64-linux-gnu/bits/string3.h
51 952740
fe=(141)
622 952740
fi=(129)
51 476370
cob=(3) /lib/x86_64-linux-gnu/libc-2.19.so
cfi=(145) /build/eglibc-MjiXCM/eglibc-2.19/string/../sysdeps/x86_64/multiarch/memcpy-sse2-unaligned.S
cfn=(748) __memcpy_sse2_unaligned
calls=476370 -26 
* 166905601
cob=(1) /lib/x86_64-linux-gnu/ld-2.19.so
cfi=(60) /build/eglibc-MjiXCM/eglibc-2.19/elf/../sysdeps/x86_64/dl-trampoline.S
cfn=(250) _dl_runtime_resolve
calls=1 -17 
* 770
* 476374
fe=(141)
622 144300
fi=(129)
51 288600
fe=(141)
622 288600
fi=(129)
51 144300
cob=(3)
cfi=(145)
cfn=(748)
calls=144300 -26 
* 144844750
* 144300
fe=(141)
624 1241340
cfn=(708)
calls=620670 479 
* 37704577
+4 620670
-1 620670
+1 3103350
-54 35227
+1 70454
109 1072
+1 1072
600 34691
+1 69382
cfn=(708)
calls=34691 479 
* 2546967
* 69382
95 198804
541 176118

fl=(59) ???
fn=(262) __libc_csu_init
0 16
cob=(2)
cfi=(14)
cfn=(264)
calls=1 0 
0 6
0 7
cfn=(268) 0x0000000000401140
calls=1 0 
0 15
0 11

fn=(268)
0 15

fn=(242) 0x0000000000401080
0 11
cob=(3)
cfi=(62) /build/eglibc-MjiXCM/eglibc-2.19/csu/libc-start.c
cfn=(256) (below main)
calls=1 133 
0 3123691826
cob=(1)
cfi=(60)
cfn=(250)
calls=1 34 
0 932
0 5

fl=(142)
fn=(710)
30 16403528

fn=(694)
52 466884
-1 155628
+3 311256
+1 311256
+1 311256
+1 933768
+2 155628
+1 466884
cob=(3)
cfi=(92) /build/eglibc-MjiXCM/eglibc-2.19/misc/../sysdeps/unix/syscall-template.S
cfn=(700) mprotect
calls=155770 +21 
* 778140
* 155628
* 311256
+2 155628
+1 311256

ob=(1)
fl=(24) /build/eglibc-MjiXCM/eglibc-2.19/string/../sysdeps/x86_64/memcpy.S
fn=(66) mempcpy
61 15
+4 15
+3 14
+1 14
+2 5
+1 5
+2 5
+1 5
+5 5
+1 5
-1 9
+1 9
+2 10
+1 10
+2 10
+1 10
+5 10
+1 10
-1 4
+1 4
+2 5
+1 5
+2 5
+1 5
+5 5
+1 5
-1 9
+1 9
+2 7
+1 7
+2 7
+1 14
+5 7
+1 7
-1 7
+1 9
+5 2
+1 2
+1 2
+1 2
+2 2
+2 2
+1 2
+2 2
+6 14
+4 14
+12 2
+2 2
+1 2
+26 2
+1 2
+3 2
+1 2
+1 2
+5 2
+2 2
+1 2
+1 2
+1 2
+2 2
+1 2
+1 2
+1 2
+2 2
+1 2
+2 2
+22 2
+2 2
+2 1
+7 1

fl=(13) /build/eglibc-MjiXCM/eglibc-2.19/elf/dl-object.c
fn=(44) _dl_add_to_namespace_list
32 6
+2 3
-2 9
+2 3
cfi=(2) /build/eglibc-MjiXCM/eglibc-2.19/elf/rtld.c
cfn=(46) rtld_lock_default_lock_recursive
calls=3 837 
* 6
+2 22
+4 3
-1 15
+2 2
+2 2
+4 2
+4 2
-4 4
+1 4
+1 4
+2 2
+1 6
-1 2
cfi=(2)
cfn=(48) rtld_lock_default_unlock_recursive
calls=2 843 
* 4
-4 1
+4 1
-4 2
+1 2
+1 2
+2 1
+1 3
-1 1
cfi=(2)
cfn=(48)
calls=1 843 
* 2
-5 2

fn=(28) _dl_new_object
61 42
+1 3
cfi=(9) /build/eglibc-MjiXCM/eglibc-2.19/string/../sysdeps/x86_64/multiarch/../rtld-strlen.S
cfn=(18) strlen
calls=3 -36 
* 154
+6 3
-6 12
+6 33
+7 12
cfi=(15) /build/eglibc-MjiXCM/eglibc-2.19/elf/dl-minimal.c
cfn=(32) calloc
calls=3 +27 
* 134
* 3
+3 3
-3 3
+3 3
+4 3
+5 6
-6 3
+6 3
-5 3
+4 6
+1 3
cfi=(16) /build/eglibc-MjiXCM/eglibc-2.19/string/../sysdeps/x86_64/multiarch/../memcpy.S
cfn=(42) memcpy
calls=3 -26 
* 88
* 3
+10 6
-8 3
+9 3
-1 6
+1 6
-1 3
+1 6
+3 3
-3 3
+3 3
+9 3
-7 3
+4 3
+3 8
+2 2
-2 2
+2 30
-2 30
+12 3
+6 3
-5 3
-1 3
+6 9
-2 3
+2 6
+2 6
+3 7
+4 6
+4 6
+2 1
+6 1
+3 2
+3 5
-3 4
+3 10
+2 2
+4 2
-4 2
cfi=(9)
cfn=(18)
calls=2 26 
* 144
* 4
+4 2
-4 2
+4 6
+64 4
+4 24
-88 6
-39 7
+39 3
+70 6
cfi=(24)
cfn=(66)
calls=2 61 
* 71
* 2
+5 40
+1 40
-1 40
+1 42
-1 2
+1 6
+5 4
-57 4
cfi=(15)
cfn=(36) malloc
calls=2 -72 
* 68
* 2
+1 2
-1 2
+1 6

fl=(39) /build/eglibc-MjiXCM/eglibc-2.19/elf/dl-reloc.c
fn=(158) _dl_relocate_object
154 40
+15 4
-15 8
+15 4
+1 16
+6 8
+6 12
-18 8
+22 8
+7 8
-32 4
+77 4
fi=(5) /build/eglibc-MjiXCM/eglibc-2.19/elf/../sysdeps/x86_64/dl-machine.h
71 4
fe=(39)
238 8
fi=(5)
71 12
fe=(39)
264 180
-99 15
fi=(5)
276 24
fe=(39)
-12 3
fi=(4) /build/eglibc-MjiXCM/eglibc-2.19/elf/do-rel.h
48 3
fe=(39)
264 3
fi=(4)
58 3
fe=(39)
264 3
fi=(4)
47 6
+11 6
fe=(39)
264 1
-99 5
fi=(5)
276 8
fe=(39)
-12 1
fi=(4)
48 1
fe=(39)
264 1
fi=(4)
58 1
fe=(39)
264 1
fi=(4)
47 2
+11 2
fe=(39)
264 4
fi=(4)
48 4
fe=(39)
264 4
fi=(4)
58 4
fe=(39)
264 4
fi=(4)
47 8
+11 8
+3 12
fi=(5)
503 98
+4 98
+2 147
+1 49
fi=(4)
61 159
+2 162
+2 17
-4 3
+13 6
+1 5
+1 10
fi=(5)
503 5
+24 5
fi=(4)
75 5
fi=(5)
527 5
+2 5
cob=(3)
cfi=(46) /build/eglibc-MjiXCM/eglibc-2.19/string/../sysdeps/x86_64/multiarch/memmove.c
cfn=(186) memcpy@GLIBC_2.2.5
calls=1 49 
* 13
cob=(3)
cfi=(45) /build/eglibc-MjiXCM/eglibc-2.19/time/../sysdeps/unix/sysv/linux/x86_64/gettimeofday.c
cfn=(182) gettimeofday
calls=1 31 
* 68
cob=(3)
cfi=(40) /build/eglibc-MjiXCM/eglibc-2.19/string/../sysdeps/x86_64/multiarch/strcmp.S
cfn=(180) strncasecmp
calls=1 140 
* 11
cob=(3)
cfi=(42) /build/eglibc-MjiXCM/eglibc-2.19/time/../sysdeps/unix/sysv/linux/x86_64/time.c
cfn=(174) time
calls=1 37 
* 68
cob=(3)
cfi=(40)
cfn=(170) strcasecmp
calls=1 114 
* 86
fi=(4)
75 5
fi=(5)
530 5
fi=(4)
75 7
fe=(39)
264 3
fi=(4)
75 7
fe=(39)
264 21
+3 12
+28 4
+3 8
+17 12
+2 32
fi=(4)
84 5
+2 10
+12 5
-15 5
+15 5
-15 5
+15 5
+10 6
+3 8
fi=(5)
487 2
fi=(4)
112 4
fi=(5)
487 1196
fi=(4)
112 2384
fi=(5)
487 2384
+5 2388
+1 2388
fi=(4)
111 2388
fi=(5)
493 1194
fi=(4)
111 1194
+7 15
+3 4
+3 4
-3 4
+3 4
fi=(5)
422 3
fi=(4)
50 3
fi=(5)
422 3
fi=(4)
51 3
fi=(5)
422 12
fi=(4)
127 400
+9 200
+3 200
fi=(5)
244 100
fi=(4)
138 100
-2 100
+1 400
fi=(5)
244 100
+21 200
+4 200
+7 1915
fi=(4)
137 80
+1 80
fi=(5)
276 160
fi=(4)
137 80
fi=(5)
276 264
fi=(4)
137 6
+1 6
fi=(5)
276 12
fi=(4)
137 6
fi=(5)
276 1136
cfi=(6) /build/eglibc-MjiXCM/eglibc-2.19/elf/dl-lookup.c
cfn=(164) _dl_lookup_symbol_x
calls=86 714 
* 50622
* 430
+2 267
+3 98
-3 196
+3 294
+6 700
fe=(39)
183 8
+81 5
fi=(5)
77 6
+4 9
+14 3
-8 3
+8 6
+13 6
+3 12
410 252
fi=(4)
124 312
+19 6
fi=(5)
276 33
382 30
+4 50
+5 50
-71 2
+1 3
449 15
+4 30
cfi=(16)
cfn=(42)
calls=5 61 
* 90
+2 15
+1 5
fi=(4)
108 3
fe=(39)
323 8
+1 4
+1 4
-1 4
-1 8
+2 4
+3 8
+1 12
cfi=(25) /build/eglibc-MjiXCM/eglibc-2.19/misc/../sysdeps/unix/syscall-template.S
cfn=(114) mprotect
calls=4 81 
* 20
* 8
fi=(4)
160 8
+2 20
+8 10
+1 5
-1 5
+1 5
fi=(5)
+73 5
fi=(4)
-74 10
fi=(5)
+74 5
+21 10
+4 10
+7 135
cfi=(6)
cfn=(164)
calls=5 714 
* 2504
* 20
+2 15
+3 1
-3 2
+3 3
+6 35
410 15
fi=(4)
160 15
+14 5
fi=(5)
276 86
fe=(39)

fl=(8) /build/eglibc-MjiXCM/eglibc-2.19/elf/../sysdeps/unix/sysv/linux/x86_64/brk.c
fn=(14) brk
31 1
-3 1
+3 6
+8 1
-6 2
+7 1

fl=(17) /build/eglibc-MjiXCM/eglibc-2.19/string/../sysdeps/x86_64/multiarch/../strcmp.S
fn=(50) strcmp
131 193
+1 193
+1 193
+1 128
+1 128
+1 128
+1 128
cfn=(51) strcmp'2
calls=195 -6 
* 9387
+5 65
+1 65
+1 65
+1 65

fn=(51)
131 1307
+1 1307
+1 1307
+1 1298
+1 1298
+1 1298
+1 1298
cfn=(51)
calls=1729 -6 
* 51183
+2 119
+1 119
+2 9
+1 9
+1 9
+1 9

fl=(25)
fn=(68) mmap
81 45
+1 9

fn=(198) munmap
81 4
+1 1

fn=(114)
81 24
+1 6

fl=(6)
fn=(168) check_match.9481
131 609
+1 174
+2 174
+2 261
-2 174
+12 261
+3 270
cfi=(17)
cfn=(50)
calls=56 -18 
* 1833
* 48
+5 87
-1 87
+1 87
-1 87
+1 87
+2 172
+19 172
+1 688
+46 609
-18 2
+2 2
+1 3
-1 2
+1 1
-1 2
-29 258
cfi=(17)
cfn=(50)
calls=119 -46 
* 7459
* 172

fn=(10) _dl_setup_hash
859 12
+4 4
+4 8
+2 4
-1 4
+3 12
+1 4
+1 8
+3 4
-1 4
-2 4
+3 4
+4 8
-2 4
+1 4
+1 8
+1 4

fn=(164)
714 1116
476 93
714 186
476 279
-1 186
+2 93
-1 93
+1 279
-1 279
+1 1133
-1 1133
+1 3399
-1 3585
716 93
+4 93
+4 93
-8 93
+1 186
+7 265
+5 93
+2 186
-2 93
+6 744
+2 1209
cfn=(166) do_lookup_x
calls=127 82 
* 36300
+3 186
+3 6
-8 24
-7 186
+38 186
+22 87
+1 609
+26 87
+9 435
+14 261
+3 348
+5 87
+2 744
-9 2
-71 42
+16 6
+1 12

fn=(166)
82 837
+1 93
-6 93
+5 279
-5 651
+12 93
229 93
+3 186
-3 93
+3 186
98 93
-3 93
+1 93
+2 93
+3 93
-3 93
+3 93
-3 187
-3 187
+1 187
+2 187
+3 187
-3 187
+3 187
+4 590
+4 550
+4 550
+6 825
+4 550
+1 825
225 275
+1 550
+4 550
-2 275
+5 1100
+4 550
-1 550
+1 275
-1 550
+21 188
+24 376
461 1050
+1 105
cfi=(31) /build/eglibc-MjiXCM/eglibc-2.19/elf/dl-misc.c
cfn=(100) _dl_name_match_p
calls=85 288 
* 889
* 126
+3 579
+3 12
286 656
+4 204
+13 87
+1 87
-1 87
+1 87
+1 87
469 744
240 368
-1 184
+2 184
+2 276
+10 282
-7 905
+2 174
+1 348
-1 174
+1 87
-1 348
+1 261
cfn=(168)
calls=121 131 
* 13781
+1 435

fl=(12) /build/eglibc-MjiXCM/eglibc-2.19/string/../string/memcmp.c
fn=(26) bcmp
315 12
+3 12
-3 60
+4 12
-4 12
+7 24
+4 12
+16 4
+1 8
-1 8
129 21
-18 6
346 4
+4 2
+2 2
-2 4
+1 2
+5 20
+2 9
+1 9
+1 9
+3 98
-3 56
-2 56
+1 56
+4 112
-7 128
+12 9
+1 96
228 1
-7 1
+1 1
+4 1
+2 1
-6 1
+4 1
+2 5
-95 3
+1 3
+1 3
+1 3
+1 3
+48 3
-2 3
+1 3
+1 15
-80 2
+1 4
+4 4
-5 8
+1 16
+4 18
234 1
+2 1
-4 1
+1 1
+4 1
-2 1
+56 2
-2 1
+2 2
-1 1
+1 2
+1 2
+12 6
+1 2
197 2
299 2
192 2

fl=(34) /build/eglibc-MjiXCM/eglibc-2.19/io/../sysdeps/unix/sysv/linux/wordsize-64/xstat.c
fn=(128) _xstat
34 4
-1 4
+1 4
+1 24
+4 1
-4 12

fl=(20) /build/eglibc-MjiXCM/eglibc-2.19/posix/../sysdeps/unix/syscall-template.S
fn=(58) uname
81 4
+1 1

fl=(19) /build/eglibc-MjiXCM/eglibc-2.19/elf/../sysdeps/unix/sysv/linux/dl-sysdep.c
fn=(56) _dl_discover_osversion
45 7
+2 3
+85 8
-45 3
cfi=(20)
cfn=(58)
calls=1 -6 
* 5
* 1
+15 1
-15 1
+20 1
-1 1
+3 12
+4 3
-2 6
+2 10
+2 1
+1 2
-3 4
+7 3
-1 3
+4 3
-2 3
+2 10
+5 2

fl=(33) /build/eglibc-MjiXCM/eglibc-2.19/elf/dl-deps.c
fn=(120) _dl_map_object_deps
147 1
+1 1
-1 2
+1 1
-1 1
+1 1
-1 1
+1 2
-1 5
+1 1
-1 1
+1 2
+14 1
-2 1
+1 1
-13 1
+14 1
+6 3
+10 1
-10 1
+10 3
-14 1
-4 1
+2 1
+17 1
-17 1
-2 2
+2 1
-2 1
+2 1
-2 1
+1 1
+1 1
+6 3
+10 1
-10 1
+10 3
-16 3
+20 1
+21 1
+1 1
-22 2
+19 1
-12 1
+15 1
-16 1
+13 1
343 9
209 1
+8 1
-4 1
+4 1
-8 3
+8 3
-4 3
+4 3
+12 8
+2 2
+11 2
-5 2
-6 4
+5 2
+2 4
+1 4
+3 8
-32 2
+32 4
+50 4
+1 3
-51 192
+1 96
+6 10
cfi=(27) /build/eglibc-MjiXCM/eglibc-2.19/string/../sysdeps/x86_64/multiarch/../strchr.S
cfn=(72) index
calls=2 24 
* 70
* 4
+5 10
-3 2
+3 2
cfi=(29) /build/eglibc-MjiXCM/eglibc-2.19/elf/dl-error.c
cfn=(90) _dl_catch_error
calls=2 -91 
* 7412
+2 6
+15 2
+2 4
+5 2
+6 2
-6 4
+3 2
+1 2
+1 2
+1 2
+4 10
-2 8
-57 8
-19 2
471 8
+2 6
+3 4
-1 2
cfi=(15)
cfn=(36)
calls=2 93 
* 68
* 2
+2 2
-2 2
+2 2
+3 2
+1 12
cfi=(16)
cfn=(42)
calls=2 61 
* 41
+1 10
cfi=(16)
cfn=(42)
calls=2 61 
* 41
+4 2
-1 2
+5 16
+3 9
-1 4
+1 8
202 1
497 6
+1 2
+3 5
+11 3
-1 1
cfi=(15)
cfn=(36)
calls=1 93 
* 34
* 1
+3 1
-3 1
+3 1
+5 7
+1 4
+2 9
+6 9
+4 3
-10 3
+10 3
-10 7
+6 3
+4 1
-10 1
+10 1
-10 3
+13 2
+51 6
+2 3
+42 2
+1 1
-1 6
+1 1
cfi=(26) /build/eglibc-MjiXCM/eglibc-2.19/string/../sysdeps/x86_64/rtld-memset.S
cfn=(70) memset
calls=1 30 
* 14
* 1
-2 10
+13 1
-6 1
-1 1
+1 1
+6 2
-13 6
+13 2
-6 2
-1 2
+1 2
+6 6
+2 8
+1 4
-1 4
+1 4
+3 6
-1 9
+23 3
-28 6
+31 9
+3 20
cfi=(26)
cfn=(70)
calls=2 30 
* 18
* 15
217 8
+1 17
+2 2
+2 6
+2 26
658 2
+25 2
+2 1
+1 1
-1 1
+2 3
+7 3
+3 2
+3 8
295 138
623 7
cfi=(16)
cfn=(42)
calls=1 61 
* 28
+2 1
-38 1
+38 2

fn=(122) openaux
60 4
+7 2
-4 6
+1 2
-1 2
+1 2
-1 10
cfi=(21) /build/eglibc-MjiXCM/eglibc-2.19/elf/dl-load.c
cfn=(98) _dl_map_object
calls=2 2317 
* 7256
* 2
+5 4

fl=(9)
fn=(18)
26 13
+1 13
+1 13
+1 13
+2 7
+1 7
+2 7
+1 7
-1 27
+1 27
+1 33
+1 33
+1 33
+2 24
+5 12
+1 12
+1 12
+1 12
+3 12
-6 4
+1 4
+1 4
+1 4
+3 4
+1 14
+1 14
+1 14
+2 14
+3 12
+1 12
+1 12
+1 12
+3 12
+1 7
+1 7
+1 7
+2 7
+3 6
+1 6
+1 6
+1 6
+3 6
+1 6
+1 6
+1 6
+2 6
+3 6
+1 6
+1 6
+1 6
+3 6
+1 5
+1 5
+1 5
+2 6
+3 1
+2 1
+1 1
-3 11
+2 11
+1 11
+1 12
+2 12
+1 12
+1 11
+2 11
+1 11
+1 8
+2 8
+1 8
+1 8
+2 8
+2 8
+1 8
+1 8
+2 8
+1 8
+1 7
+2 7
+1 7
+1 5
+2 5
+1 5
-1 8
+1 8

fl=(15)
fn=(32)
102 8
+7 24
-3 8
+3 16
+4 8
cfn=(36)
calls=8 -20 
* 298
* 8

fn=(36)
93 21
+1 42
cfn=(40) __libc_memalign
calls=21 -43 
* 677
* 21

fn=(76) strsep
338 8
+2 4
+1 8
+4 132
+7 366
-2 244
+10 61
-15 185
+18 2
+4 4

fn=(40)
51 88
+1 108
+11 21
+1 21
-1 21
+3 21
-3 21
+3 42
-3 1
+1 1
-1 1
+3 1
-3 1
+3 78
+4 12
+1 9
+6 21
cfi=(25)
cfn=(68)
calls=3 +4 
* 18
+2 15
+4 9
+3 3
+1 3
+2 15
-3 19
+1 19
+2 152
-31 3
+1 1
-2 3

fn=(82) free
121 1
-2 2
+2 1
+7 2

fl=(26)
fn=(70)
30 10
+1 10
+1 10
+1 2144
+1 10
+1 10

fl=(2)
fn=(88) do_preload
803 1
+12 1
-12 5
+10 1
-4 1
+1 1
+5 4
-10 1
+6 1
+4 1
cfi=(29)
cfn=(90)
calls=1 163 
* 2519
+1 3
+8 3
+6 5

fn=(96) map_doit
624 2
+2 7
cfi=(21)
cfn=(98)
calls=1 2317 
* 2446
* 1
+2 2

fn=(48)
843 6

fn=(148) init_tls
723 1
-1 1
-6 1
+2 2
+4 1
+10 4
cfi=(15)
cfn=(32)
calls=1 102 
* 43
* 1
+11 1
-15 1
+3 1
+6 1
+2 1
-11 1
+15 1
+2 1
-1 1
+1 10
+2 8
+4 1
+2 1
-2 2
-5 8
+9 3
+3 1
cfi=(36) /build/eglibc-MjiXCM/eglibc-2.19/elf/dl-tls.c
cfn=(150) _dl_determine_tlsoffset
calls=1 112 
* 73
+7 1
cfi=(36)
cfn=(152) _dl_allocate_tls_storage
calls=1 328 
* 428
+1 1
-1 1
+1 1
+6 1
+8 1
-8 1
+8 6
+4 1
+2 1
+1 2

fn=(22) dl_main
887 1
+19 1
-19 9
+19 1
+3 1
2488 1
887 1
2488 1
909 1
+4 1
-26 1
+26 1
+1 2
+5 2
2481 2
+7 1
-4 1
+4 1
-5 1
+5 9
+2 2
cfi=(11) /build/eglibc-MjiXCM/eglibc-2.19/elf/dl-environ.c
cfn=(24) _dl_next_ld_env_entry
calls=1 30 
* 58
* 4
cfi=(11)
cfn=(24)
calls=2 30 
* 112
* 9
+4 48
+1 19
-1 57
+3 4
+6 16
+76 4
cfi=(12)
cfn=(26)
calls=1 315 
* 120
* 2
+2 3
-55 4
cfi=(12)
cfn=(26)
calls=1 315 
* 26
* 2
2653 3
+33 3
929 4
1128 7
cfi=(13)
cfn=(28)
calls=1 61 
* 248
+2 1
-2 1
+2 1
+1 1
+1 1
+5 2
-5 1
+1 3
+4 1
cfi=(13)
cfn=(44)
calls=1 32 
* 34
+1 2
896 1
1167 1
-3 1
-5 1
+1 1
+2 1
+5 6
+56 2
893 1
1223 2
-55 24
-1 27
+1 47
-1 2
1270 3
+3 2
+2 2
+2 2
+13 3
+1 8
cfi=(17)
cfn=(50)
calls=1 131 
* 7
* 3
+7 1
+3 1
-5 1
+3 1
+2 1
+1 2
+4 2
+2 2
fi=(3) /build/eglibc-MjiXCM/eglibc-2.19/elf/get-dynamic-info.h
29 1
+9 2
+6 1
-2 1
+2 2
+7 1
+5 1
+3 1
+2 1
-3 1
-3 1
-3 14
+10 3
-18 9
+8 19
+10 19
-18 57
+18 1
-18 3
+2 46
+5 16
+2 4
+16 3
+38 3
+5 2
+7 2
+1 3
+16 3
+14 3
+18 2
fe=(2)
1313 2
cfi=(6)
cfn=(10)
calls=1 859 
* 25
+3 4
fi=(18) /build/eglibc-MjiXCM/eglibc-2.19/elf/setup-vdso.h
24 2
fe=(2)
1338 1
cfi=(19)
cfn=(56)
calls=1 45 
* 93
* 8
1172 3
+1 1
+90 2
+1 2
+1 1
-6 2
+1 1
-37 2
-1 2
+1 4
-1 2
+2 4
+1 1
+3 2
+1 2
-1 2
+1 2
+1 2
+1 6
+1 2
-43 1
-2 2
+27 1
-25 1
+7 2
-10 1
+10 1
-19 3
+1 1
fi=(3)
56 4
+3 4
+1 1
+1 3
fe=(2)
2533 4
cfi=(12)
cfn=(26)
calls=1 315 
* 80
* 2
+2 3
1343 2
cfi=(21)
cfn=(60) _dl_init_paths
calls=1 714 
* 1711
+3 3
cfi=(28) /build/eglibc-MjiXCM/eglibc-2.19/elf/dl-debug.c
cfn=(84) _dl_debug_initialize
calls=1 50 
* 17
+7 1
-7 1
+2 1
+5 1
+3 3
+1 1
+3 1
-3 3
+1 2
+3 1
+5 1
-7 1
+7 1
+1 5
+4 1
+4 1
-2 4
+1 2
+1 3
+5 2
+1 6
+2 2
+1 2
+5 2
+5 3
902 1
1575 3
+3 2
+4 3
+5 2
+1 1
cfi=(28)
cfn=(86) _dl_debug_state
calls=1 74 
* 1
+5 3
+15 3
+4 3
+31 3
cfi=(23) /build/eglibc-MjiXCM/eglibc-2.19/io/../sysdeps/unix/syscall-template.S
cfn=(64) access
calls=1 81 
* 9
* 2
+77 4
+17 3
+1 1
-1 1
+1 2
-1 1
+1 5
cfi=(33)
cfn=(120)
calls=1 147 
* 8784
+1 1
+5 1
-5 3
+2 2
+3 4
+1 4
-1 2
+1 12
-1 6
+4 3
+1 3
+1 1
+2 2
+1 5
-1 4
+1 4
-1 6
-28 1
+1 1
-1 7
+4 1
+1 1
-1 1
+2 2
+1 2
+35 1
-1 2
+1 1
+2 1
+2 3
+2 1
-4 2
+5 1
-1 2
+14 2
+1 2
+1 3
+12 1
+1 1
-2 1
+2 1
-2 1
+2 1
-2 1
+2 1
-2 1
+2 1
cfi=(29)
cfn=(138) _dl_receive_error
calls=1 205 
* 3159
+10 1
+1 1
-1 1
+1 1
+1 1
cfn=(148)
calls=1 723 
* 615
* 1
+2 2
+3 1
cfn=(154) security_init
calls=1 850 
* 20
+2 2
2050 3
+56 1
+4 1
+7 1
-11 1
+4 3
+4 2
+3 1
+8 2
+95 4
+1 1
+5 2
cfi=(36)
cfn=(192) _dl_allocate_tls_init
calls=1 376 
* 275
+4 2
+14 3
+2 2
+29 1
cfi=(7) /build/eglibc-MjiXCM/eglibc-2.19/elf/../elf/dl-sysdep.c
cfn=(194) _dl_sysdep_start_cleanup
calls=1 256 
* 1
+4 3
+20 3
cfi=(28)
cfn=(84)
calls=1 50 
* 8
+1 1
+1 1
cfi=(28)
cfn=(86)
calls=1 74 
* 1
+5 1
cfi=(35) /build/eglibc-MjiXCM/eglibc-2.19/elf/dl-cache.c
cfn=(196) _dl_unload_cache
calls=1 309 
* 15
+5 8
-65 2
+15 1
+3 1
-3 1
+3 1
-3 2
+3 2
-3 1
+2 1
+1 1
cfi=(39)
cfn=(158)
calls=1 154 
* 6295
+1 4
+2 3
-96 3
+7 1
+2 11
+2 1
+2 12
+5 8
+2 8
+8 4
-2 4
+2 8
+1 24
cfi=(39)
cfn=(158)
calls=3 154 
* 73257
+4 14
-22 12
+25 4
+2 1
+6 1
-6 1
+6 1
-22 1
+1 1
-3 2
+14 2
cfi=(36)
cfn=(190) _dl_add_to_slotinfo
calls=1 831 
* 20
* 1
-69 1
895 2
1763 2
+21 3
1619 2
cfi=(9)
cfn=(18)
calls=1 26 
* 98
* 8
cfi=(16)
cfn=(42)
calls=1 61 
* 85
* 1
+3 5
-12 1
+12 1
+3 3
cfi=(15)
cfn=(76)
calls=1 338 
* 765
* 3
cfi=(15)
cfn=(76)
calls=1 338 
* 6
* 6
+1 2
+1 3
+2 4
cfn=(88)
calls=1 803 
* 2547
* 2
1332 3
1631 1
+1 1
-1 3
+1 1
+1 3

fn=(2) _dl_start
361 9
+18 4
fi=(3)
44 1
fe=(2)
379 1
fi=(5)
58 3
fi=(3)
-14 1
fe=(2)
408 1
-3 1
fi=(3)
44 1
+17 2
-3 1
-7 1
+5 1
+3 1
+2 1
-3 1
-3 1
-3 2
-5 26
+15 13
-18 39
+18 1
-18 3
+2 36
+5 20
+1 16
+10 4
-18 12
+25 2
+20 4
+1 4
+1 4
+1 4
+2 4
+5 4
+1 4
+1 4
+6 3
+5 2
+7 3
+1 3
+8 3
+2 3
+3 2
+1 2
fe=(2)
536 2
+7 1
284 2
+12 2
cfi=(6)
cfn=(10)
calls=1 859 
* 25
+1 2
+1 2
+1 2
+1 2
+21 1
+10 1
-10 3
+10 1
-6 1
-4 1
+10 1
cfi=(7)
cfn=(12) _dl_sysdep_start
calls=1 86 
* 100097
* 1
+9 4
+3 1
+4 1
-4 1
+4 1
568 9
fi=(3)
53 4
+3 4
fe=(2)
541 34
fi=(4)
84 1
+27 1
-28 1
+28 2
+1 2
fi=(5)
492 2
fi=(4)
112 18
fi=(5)
492 18
+1 20
fi=(4)
111 20
fi=(5)
493 10
fi=(4)
111 10
+5 2
+8 1
fi=(5)
287 1
fi=(4)
124 2
+13 1
+2 2
-2 1
fi=(5)
241 1
fi=(4)
137 1
fi=(5)
269 1
fi=(4)
137 2
fi=(5)
269 1
fi=(4)
137 8
+2 16
-2 8
fi=(5)
241 8
fi=(4)
137 8
fi=(5)
269 8
fi=(4)
137 16
fi=(5)
269 8
+9 18
+3 9
-3 18
+3 27
+6 54
fi=(3)
59 4
+1 1
+1 2
fe=(2)
284 73
fi=(5)
391 9
+9 9
fi=(4)
124 28
fe=(2)

fn=(140) version_check_doit
656 2
+2 4
cfi=(37) /build/eglibc-MjiXCM/eglibc-2.19/elf/dl-version.c
cfn=(142) _dl_check_all_versions
calls=1 380 
* 3119
* 2
+4 2

fn=(92) _dl_initial_error_catch_tsd
797 8

fn=(154)
850 2
+2 1
fi=(38) /build/eglibc-MjiXCM/eglibc-2.19/elf/../sysdeps/unix/sysv/linux/dl-osinfo.h
61 2
+23 2
+2 1
+7 1
fe=(2)
854 1
+7 1
fi=(38)
101 2
+11 1
fe=(2)
863 1
+7 1
-5 1
+6 3

fn=(46)
837 6

fl=(60)
fn=(250)
34 2
+2 2
+1 2
+1 2
+1 2
+1 2
+1 2
+1 2
+1 2
+1 2
+1 2
cfi=(61) /build/eglibc-MjiXCM/eglibc-2.19/elf/../elf/dl-runtime.c
cfn=(252) _dl_fixup
calls=36 +21 
* 1660
+1 2
+1 2
+1 2
+1 2
+1 2
+1 2
+1 2
+1 2
+1 2
+2 2

fl=(30) /build/eglibc-MjiXCM/eglibc-2.19/setjmp/../sysdeps/x86_64/setjmp.S
fn=(94) __sigsetjmp
26 3
+9 3
+1 6
+1 3
+4 3
+1 3
+1 3
+1 3
+1 3
+2 6
+2 3
+1 3
+3 6
+2 3
+4 3
+1 3

fl=(21)
fn=(124) open_path
2168 8
+1 1
-1 5
+7 1
-7 1
+1 1
+6 1
+5 2
-7 1
+7 1
-8 1
+8 3
+74 1
-74 1
+74 1
-22 2
-52 1
+52 3
-40 1
-9 1
+9 1
+7 4
cfi=(24)
cfn=(66)
calls=1 61 
* 31
+1 1
-1 1
+1 3
-13 2
+33 8
-20 3
+3 8
+4 32
cfi=(24)
cfn=(66)
calls=4 61 
* 85
* 16
cfi=(24)
cfn=(66)
calls=4 61 
* 92
* 4
+3 4
+3 8
+3 24
cfn=(126) open_verify.constprop.6
calls=4 1871 
* 156
* 4
+2 12
+7 8
+1 36
+6 8
+2 12
-2 4
+2 4
cfi=(34)
cfn=(128)
calls=4 34 
* 49
* 8
+1 1
+2 1
-2 1
+2 8
+7 2
-44 2
+37 6
+7 6
-44 7
+85 5
+7 1
-2 1
+2 3
+3 3
-13 1
+27 11
-72 6

fn=(102) open_verify
1873 10
+36 1
-36 2
+36 2
+21 4
cfi=(23)
cfn=(104) open
calls=1 81 
* 5
+1 1
-1 1
+1 1
+10 1
+1 2
+5 6
cfi=(23)
cfn=(106) read
calls=1 81 
* 5
+2 2
+2 1
+2 1
-2 2
+2 1
+6 2
+16 5
cfi=(12)
cfn=(26)
calls=1 315 
* 88
* 2
+2 1
-2 2
+4 4
cfi=(12)
cfn=(26)
calls=1 315 
* 80
-4 2
+75 2
+5 2
+3 4
+5 2
+7 1
+1 1
-1 4
+1 3
+1 1
+15 61
+2 19
+4 4
+1 2
+13 1
+1 1
+2 1
-3 1
+1 1
-1 1
+1 1
-2 1
+4 2
-7 4
cfi=(12)
cfn=(26)
calls=1 315 
* 80
* 2
-97 3
2154 8

fn=(74) fillin_rpath
486 8
+2 1
-2 9
+5 1
cfi=(15)
cfn=(76)
calls=1 338 
* 237
* 3
+4 4
cfn=(78) expand_dynamic_string_token
calls=1 -80 
* 162
+2 1
-2 1
+2 1
cfi=(9)
cfn=(18)
calls=1 26 
* 44
+4 1
-4 1
+4 1
+7 6
+34 2
+4 3
+1 3
-1 1
+1 1
-2 1
cfi=(15)
cfn=(36)
calls=1 93 
* 34
* 1
+3 1
-3 1
+3 3
+5 1
+1 3
-2 1
+2 1
cfi=(24)
cfn=(66)
calls=1 61 
* 31
+3 1
-3 1
+3 1
-2 1
+2 1
+6 4
+1 14
+1 10
+3 1
-1 2
+1 1
+7 1
+1 1
-1 1
+4 3
+2 2
cfi=(15)
cfn=(82)
calls=1 121 
* 6
* 1
* 2
-90 1
cfi=(15)
cfn=(76)
calls=1 338 
* 6
* 2
+94 1
+3 9
-65 18
+1 8
-16 2
+5 2
+3 5
+26 2
+31 2

fn=(108) _dl_map_object_from_fd
923 24
+11 2
-11 2
+11 2
-11 4
+11 2
cfi=(28)
cfn=(84)
calls=2 50 
* 16
+4 6
-4 2
+4 2
cfi=(32) /build/eglibc-MjiXCM/eglibc-2.19/io/../sysdeps/unix/sysv/linux/wordsize-64/fxstat.c
cfn=(112) _fxstat
calls=2 34 
* 20
* 4
+11 14
+1 6
-1 15
+1 20
+17 4
+25 4
+10 4
+22 8
+32 4
935 2
1059 14
cfi=(13)
cfn=(28)
calls=2 61 
* 1021
+1 2
-1 2
+1 2
+11 4
+5 2
-5 2
+1 4
+1 2
+2 2
-2 2
+2 8
+1 6
+1 2
+24 4
+8 2
-8 18
+8 2
-8 2
+8 2
+89 2
-95 2
-1 2
+96 2
1092 2
1198 4
+8 10
-96 32
-1 136
+1 104
+6 4
+1 6
+1 2
+3 2
+1 1
+5 20
+6 8
+1 4
-1 16
+8 4
+2 8
-2 4
+1 4
+4 4
-5 8
+1 8
+1 4
+1 4
+3 4
+4 4
-9 4
+2 4
+1 4
+1 4
+1 4
+4 4
+1 6
+5 4
-16 2
+16 10
+10 2
-10 4
-16 2
+16 10
+10 2
+3 3
+5 1
-1 1
+3 1
-1 1
-1 1
+1 1
+3 3
+1 2
+3 2
+4 4
+6 1
cfi=(36)
cfn=(136) _dl_next_tls_modid
calls=1 50 
* 8
* 2
+1 1
+60 4
+1 6
+1 2
-6 4
+1 8
+8 6
+13 16
+2 4
+14 2
+5 12
cfi=(25)
cfn=(68)
calls=2 81 
* 12
+4 2
-4 2
+4 2
+7 2
+1 2
-1 2
+1 2
+2 2
-3 2
+1 2
+2 2
+10 2
+2 2
+33 12
+1 6
+2 8
+8 16
+6 2
+2 2
-2 2
+1 2
+2 2
-1 2
+1 2
-1 6
+8 4
+3 4
+11 14
cfi=(26)
cfn=(70)
calls=2 30 
* 1908
+1 10
+5 4
+15 4
-74 20
+2 8
+2 16
cfi=(25)
cfn=(68)
calls=2 81 
* 12
* 4
-30 2
-1 10
cfi=(25)
cfn=(114)
calls=2 81 
* 10
* 2
1072 2
1418 8
+9 4
fi=(3)
38 2
fe=(21)
1427 2
fi=(3)
38 2
+6 2
-2 2
+2 4
+7 2
+5 2
+3 2
-1 2
-3 2
-3 36
+10 8
-18 24
+8 35
+10 35
-18 105
+18 2
-18 6
+2 90
+5 40
+2 8
+16 4
+20 7
+1 8
+1 8
+1 8
+2 8
+5 8
+1 7
+1 8
+6 6
+5 4
+7 4
+1 6
+16 6
+5 1
+2 1
-2 1
+2 1
+2 2
+2 2
+3 6
+10 1
-8 2
+9 2
-1 1
+5 2
+3 4
fe=(21)
1433 4
+16 6
+19 4
+2 10
+55 6
+1 2
+3 2
cfi=(23)
cfn=(118) close
calls=1 81 
* 5
* 2
cfi=(23)
cfn=(118)
calls=1 81 
* 5
* 4
+8 10
+3 6
+2 2
-2 2
+2 2
+16 4
cfi=(6)
cfn=(10)
calls=2 859 
* 50
+4 4
+1 4
+17 4
+1 1
+3 1
+5 1
-5 1
+1 2
+4 1
-5 1
+5 1
-5 1
+1 2
+4 1
+10 6
cfi=(13)
cfn=(44)
calls=2 32 
* 84
+4 8
+20 16
fi=(3)
56 8
+3 8
+1 2
+1 8
fe=(21)
1356 5
+2 1
-1 3
+1 2
-1 1
+1 2
-1 2
+3 4
+43 8
cfi=(25)
cfn=(68)
calls=1 81 
* 6
+3 2
1537 4
474 2

fn=(60)
714 1
+13 2
-13 8
+13 3
cfi=(22) /build/eglibc-MjiXCM/eglibc-2.19/elf/dl-hwcaps.c
cfn=(62) _dl_important_hwcaps
calls=1 39 
* 351
+5 1
-5 1
+5 1
cfi=(15)
cfn=(36)
calls=1 93 
* 34
* 1
+1 1
-1 1
-1 1
+2 1
+8 1
-1 1
+1 4
-1 4
+5 2
cfi=(15)
cfn=(36)
calls=1 93 
* 55
* 1
+2 1
-3 1
+3 2
+29 1
-12 1
-10 1
+11 1
+3 2
+8 1
-12 1
+3 2
-14 1
+9 1
+5 3
+9 2
-7 27
cfi=(26)
cfn=(70)
calls=4 30 
* 88
+7 16
-12 3
+12 6
-14 3
+3 6
-1 3
+3 3
-5 3
+6 12
+4 3
-3 3
+3 6
-3 3
-7 6
+25 1
-11 1
+6 1
+1 1
+5 2
+2 4
+2 3
+38 4
+8 3
cfi=(27)
cfn=(72)
calls=1 24 
* 23
* 2
+2 2
cfi=(9)
cfn=(18)
calls=1 26 
* 73
* 8
cfi=(16)
cfn=(42)
calls=1 61 
* 31
* 1
+17 3
-1 2
+3 1
+1 3
+1 1
-4 3
+2 13
+1 39
+1 13
-4 40
+8 1
cfi=(15)
cfn=(36)
calls=1 93 
* 34
* 1
+1 1
-2 1
+2 1
+6 8
cfn=(74)
calls=1 486 
* 681
+4 3
+6 1
+4 8
-75 1
-2 1
+2 2
+14 2

fn=(126)
1871 50
+38 5
-38 5
+38 10
+21 20
cfi=(23)
cfn=(104)
calls=5 81 
* 41
+1 5
-1 5
+1 5
+10 1
+1 2
+5 6
cfi=(23)
cfn=(106)
calls=1 81 
* 5
+2 2
+2 1
+2 1
-2 2
+2 1
+6 2
+16 5
cfi=(12)
cfn=(26)
calls=1 315 
* 88
* 2
+2 1
-2 2
+4 4
cfi=(12)
cfn=(26)
calls=1 315 
* 80
-4 2
+75 2
+5 2
+3 4
+5 2
+7 1
+1 1
-1 5
+1 3
+1 1
-2 1
+17 45
+2 17
+4 4
+1 2
+13 1
+1 1
+2 1
-3 1
+1 1
-1 1
+1 1
-2 1
+4 2
+5 1
+1 1
-13 4
cfi=(12)
cfn=(26)
calls=1 315 
* 73
* 4
cfi=(12)
cfn=(26)
calls=1 315 
* 80
* 4
+16 2
+6 1
-3 1
+1 1
+1 1
+1 2
+1 4
-4 1
+1 1
+1 1
-1 3
-1 1
+4 2
+5 4
+23 40

fn=(78)
415 16
+10 6
cfi=(27)
cfn=(72)
calls=2 24 
* 70
* 4
161 4
cfi=(9)
cfn=(18)
calls=2 26 
* 125
* 2
+1 4
cfi=(15)
cfn=(36)
calls=2 -69 
* 68
* 2
+2 4
+3 6
440 10
167 2
cfi=(16)
cfn=(42)
calls=2 61 
* 78

fn=(98)
2317 24
+7 3
-7 6
+7 3
+1 6
+3 27
+12 12
-12 18
+5 21
+1 14
+2 21
cfi=(31)
cfn=(100)
calls=7 288 
* 492
* 15
2607 24
2362 4
+10 12
+26 4
-2 2
+2 2
cfi=(27)
cfn=(72)
calls=2 24 
* 46
* 4
2538 6
cfn=(78)
calls=1 415 
* 239
+1 1
-3 1
+4 1
-1 2
+4 6
cfn=(102)
calls=1 1873 
* 447
+3 1
-3 1
+3 1
+12 8
+2 4
+44 2
+1 16
-1 2
+1 6
cfn=(108)
calls=2 923 
* 4859
* 2
2402 2
cfi=(9)
cfn=(18)
calls=1 26 
* 63
* 1
+2 1
-2 1
+2 1
+7 4
+35 2
+1 15
cfn=(124)
calls=1 2168 
* 730
* 3
+6 6
691 1
2454 1
691 2
2530 2
-95 4
+21 2
+6 4
+2 3
+4 2
cfi=(35)
cfn=(130) _dl_load_cache_lookup
calls=1 182 
* 1632
+2 1
-2 1
+2 1
+4 3
+8 2
+22 9
cfn=(126)
calls=1 1871 
* 529
+3 3
161 3
cfi=(9)
cfn=(18)
calls=1 26 
* 83
* 1
+1 2
cfi=(15)
cfn=(36)
calls=1 -69 
* 34
* 1
+2 3
+3 4
cfi=(16)
cfn=(42)
calls=1 61 
* 84
2510 1
-1 1
+1 2
-74 7
691 1
2437 1
691 2
2415 1
+8 3
-7 3
-1 1
+8 8
-3 3
691 1
2421 1
691 2
2341 18
+3 2
+2 2
-1 4
+1 2
cfi=(17)
cfn=(50)
calls=2 131 
* 21
* 4

fl=(37)
fn=(142)
380 6
+4 4
-2 2
+4 28
cfn=(144) _dl_check_map_versions
calls=4 174 
* 3044
-2 4
+2 12
-1 4
-1 8
+5 7

fn=(144)
174 36
+15 4
-15 8
+15 8
+2 4
+3 4
-3 4
+2 4
+1 4
+2 4
-3 4
+3 4
+3 8
+4 12
+17 2
56 2
220 2
56 2
220 2
56 10
+1 5
-1 10
+2 21
cfi=(31)
cfn=(100)
calls=7 288 
* 510
* 16
228 6
+5 14
+19 4
-15 98
cfn=(146) match_symbol
calls=4 76 
* 743
* 6
cfn=(146)
calls=2 76 
* 306
* 6
+7 24
+3 20
+9 8
-73 2
-8 2
+95 12
+3 6
+10 26
-7 104
+3 78
-3 8
+3 6
+8 4
+86 4
-86 4
+87 8
-81 12
cfi=(15)
cfn=(32)
calls=3 102 
* 150
* 3
+1 3
-2 3
+2 3
+11 3
-3 3
+3 6
+2 9
+3 8
+4 6
+18 4
-15 12
+2 12
-2 6
+2 6
+2 6
+1 6
-1 12
+1 6
-1 6
+1 6
+1 6
-2 6
+2 12
+1 18
+3 18
+8 6
+10 9
+3 8
+20 26
-14 26
-2 26
+2 28
-2 2
+2 2
+4 26
+2 26
-1 52
+1 26
-1 78
+1 26
+1 26
+3 84
+10 3
-1 3
+1 21

fn=(146)
76 66
+9 6
-8 6
-1 12
+1 6
+8 6
+6 18
+15 6
+1 12
+2 6
+5 12
+14 86
+12 111
+4 37
-30 74
+16 6
+3 24
cfi=(17)
cfn=(50)
calls=6 -2 
* 495
* 12
+35 48

fl=(16)
fn=(42)
61 18
+2 18
+2 18
+3 17
+1 17
+2 4
+1 4
+2 4
+1 4
+5 4
+1 4
-1 13
+1 13
+2 5
+1 5
+2 5
+1 10
+5 5
+1 5
-1 12
+1 12
+2 3
+1 3
+2 3
+1 3
+5 3
+1 3
-1 14
+1 14
+2 11
+1 11
+2 11
+1 11
+5 11
+1 11
-1 6
+1 11
+5 5
+1 5
+1 5
+1 5
+2 5
+2 5
+1 5
+2 5
+8 17
+8 5
+6 5
+2 5
+1 5
+3 2
+1 4
+5 2
+1 2
+2 2
+2 2
+1 2
+2 2
-8 9
+1 9
+2 9
+2 9
+1 9
+2 11
+9 2
+1 2
-1 3
+1 3
+3 5
+1 5
+1 5
+5 4
+2 4
+1 4
+1 4
+1 4
+2 4
+1 4
+1 4
+1 4
+2 4
+1 4
+2 4
+22 5
+6 5
+1 5
+2 1

fl=(7)
fn=(194)
256 1

fn=(12)
86 7
+25 1
-1 1
+1 1
-25 1
+25 78
+6 1
-3 1
+1 1
-4 1
+3 1
+3 4
+1 6
-1 3
-29 1
-1 2
+31 105
-1 82
fi=(19)
-82 2
cfi=(8)
cfn=(14)
calls=1 -4 
* 12
fi=(5)
200 5
fe=(7)
+34 2
cfi=(10) /build/eglibc-MjiXCM/eglibc-2.19/elf/../misc/sbrk.c
cfn=(20) sbrk
calls=1 34 
* 17
* 3
+12 3
+3 6
cfi=(2)
cfn=(22)
calls=1 887 
* 99681
+1 1
+1 8
151 1
+1 1
+27 1
+1 1
-17 1
+1 1
-7 1
+1 1
-4 1
+1 1
-25 1
+1 1
-4 1
+1 1
-7 1
+1 1
+2 1
+1 1
232 1
cfi=(9)
cfn=(18)
calls=1 26 
* 39
* 2

fl=(28)
fn=(84)
50 8
+5 6
+5 2
-1 1
+1 2
+1 2
-1 2
-9 4
+4 8
+4 1
-1 1
-58 4

fn=(86)
74 2

fl=(22)
fn=(62)
39 8
+3 1
-1 1
+1 1
+9 1
-12 3
+3 1
-3 1
+3 1
+9 2
+10 4
+31 2
+23 3
cfi=(23)
cfn=(64)
calls=1 -34 
* 9
* 2
-2 1
+17 6
+3 2
+29 2
+8 2
+2 4
+1 4
+4 2
+4 1
-3 1
-1 1
+4 1
+3 2
+4 5
+1 1
-1 7
+1 1
+18 12
+1 4
cfi=(15)
cfn=(36)
calls=1 93 
* 34
* 1
+1 1
-1 1
+1 3
+29 1
+3 1
-3 2
+3 1
+28 9
+1 2
-1 2
+1 6
-1 8
+5 6
+3 1
-3 1
+3 2
-3 1
+3 1
-3 2
+3 1
-3 1
+3 2
-3 1
+3 3
+1 12
+1 4
-1 4
+1 8
-2 4
+1 8
-1 14
+4 4
+3 1
+2 2
-1 1
-1 2
+2 10
+13 2
+1 1
-1 1
+3 2
-3 2
+1 1
-1 1
+3 2
+3 3
+3 1
-1 1
+1 7
145 2
-14 2
243 3
cfi=(24)
cfn=(66)
calls=1 61 
* 22
+1 2
-1 2
+1 1
cfi=(24)
cfn=(66)
calls=1 61 
* 22
* 4

fl=(11)
fn=(24)
30 3
+3 11
+2 46
+11 21
-13 63
-2 1
+19 1
-14 16
+5 2
-3 2
+3 2
+2 2

fl=(61)
fn=(252)
66 4
+6 4
-6 6
+3 2
-1 2
+1 2
+3 2
+1 2
-1 4
+1 10
+1 2
-1 2
+1 4
+5 4
+4 4
+4 6
+4 4
+1 8
+2 8
+7 6
-1 2
+8 4
+3 18
cfi=(6)
cfn=(164)
calls=36 714 
* 1484
* 2
+4 6
+4 8
+6 12
+16 2
-8 2
+8 6
+4 6
fi=(5)
+65 2
fe=(61)
-61 10
fi=(99) /build/eglibc-MjiXCM/eglibc-2.19/elf/../sysdeps/x86_64/dl-irel.h
32 1
cob=(3)
cfi=(144) /build/eglibc-MjiXCM/eglibc-2.19/string/../sysdeps/x86_64/multiarch/memcpy.S
cfn=(746) memcpy@@GLIBC_2.14
calls=1 * 
* 7
* 2
fe=(61)

fl=(23)
fn=(64)
81 12
+2 15

fn=(106)
81 8
+1 2

fn=(118)
81 12
+1 3

fn=(104)
81 28
+1 3
+1 20

fl=(48) /build/eglibc-MjiXCM/eglibc-2.19/elf/dl-init.c
fn=(204) call_init.part.0
34 32
+8 4
-8 4
+11 4
-3 8
+3 12
+5 9
+5 4
+8 4
+1 12
cob=(3)
cfi=(50) /build/eglibc-MjiXCM/eglibc-2.19/csu/../csu/init-first.c
cfn=(218) _init
calls=1 -12 
* 181
cob=(2)
cfi=(14)
cfn=(206)
calls=1 -64 
* 6
+3 2
+1 4
+6 2
+2 4
-2 4
+3 10
+1 8
cob=(3)
cfi=(56) /build/eglibc-MjiXCM/eglibc-2.19/string/../sysdeps/x86_64/multiarch/../cacheinfo.c
cfn=(230) init_cacheinfo
calls=1 550 
* 1342
cob=(4) /usr/lib/valgrind/vgpreload_core-amd64-linux.so
cfi=(49) ???
cfn=(210) 0x0000000000000670
calls=1 -78 
* 16
* 4
cob=(3)
cfi=(58) /build/eglibc-MjiXCM/eglibc-2.19/elf/dl-altinit.c
cfn=(238) dlinit_alt
calls=1 -45 
* 4
* 3
-1 6
+3 18
-29 2
+29 6
-34 3

fn=(202) _dl_init
86 11
+1 1
+1 1
+3 3
+7 4
+27 15
+1 12
-90 20
cfn=(204)
calls=3 -2 
* 1641
* 3
+96 8
-96 3
cfn=(204)
calls=1 -2 
* 77
+58 2

fl=(36)
fn=(150)
112 7
+6 3
+3 2
+36 1
-34 1
+34 2
+2 3
-2 1
-2 1
-40 1
-1 1
-1 2
+44 6
+5 1
-1 1
+5 2
-4 1
-1 1
+7 1
-7 1
+3 2
+2 1
+2 1
-2 2
+16 5
+2 1
+1 1
-1 2
+10 1
-12 4
+15 4
+1 1
+51 1
+1 8

fn=(152)
328 1
+13 1
-13 2
+2 1
+11 2
cfi=(15)
cfn=(40)
calls=1 51 
* 51
* 1
+1 1
-1 1
+1 1
+7 1
+4 306
-58 1
+1 1
-1 1
+1 2
cfi=(15)
cfn=(32)
calls=1 102 
* 43
* 1
+1 2
+9 1
-6 1
+6 1
+64 5

fn=(192)
376 7
+1 1
-1 1
+1 1
+4 2
+3 1
-1 1
-2 1
+8 3
+5 7
+6 7
+22 2
+1 4
+2 2
+9 1
-8 1
+8 2
-8 1
+8 1
+1 1
+1 3
cfi=(24)
cfn=(66)
calls=1 61 
* 23
* 5
cfi=(26)
cfn=(70)
calls=1 30 
* 166
* 3
-42 5
+6 2
+3 1
+1 2
+6 1
+3 1
-3 2
+3 1
-1 2
+38 2
+2 1
+1 8

fn=(136)
50 1
+3 3
+48 2
+4 2

fn=(190)
831 3
+9 1
-9 1
+6 2
+8 5
+41 1
+1 3
+1 4

fl=(35)
fn=(130)
182 8
+8 2
+3 3
+51 3
+9 1
+6 2
-6 3
+6 1
cfi=(23)
cfn=(64)
calls=1 81 
* 9
* 1
+4 1
-10 1
+10 3
+15 151
cfn=(134) _dl_cache_libcmp
calls=9 138 
* 637
* 38
-82 4
cfi=(31)
cfn=(132) _dl_sysdep_read_whole_file
calls=1 45 
* 67
+8 1
-8 1
+8 4
+1 4
cfi=(12)
cfn=(26)
calls=1 315 
* 112
* 2
+7 1
-3 1
+3 3
+3 1
+1 2
-1 1
+1 1
+1 3
cfi=(12)
cfn=(26)
calls=1 +98 
* 89
* 2
+2 2
+59 38
cfn=(134)
calls=2 138 
* 217
* 3
cfn=(134)
calls=1 138 
* 145
* 8
-14 4
+14 1
-14 2
-1 3
+15 32
+16 2
+5 9
-21 3

fn=(134)
138 36
+1 30
+2 132
+2 66
-2 66
+2 6
+6 3
+2 3
-1 3
-1 3
+1 3
-1 3
+2 9
+2 15
+2 6
+6 126
+2 234
+4 54
+1 54
-29 108
+32 6
+1 6
-8 9
+8 18

fn=(196)
309 4
-1 1
+3 2
cfi=(25)
cfn=(198)
calls=1 81 
* 5
+1 1
+2 2

fl=(31)
fn=(100)
288 175
+1 70
cfi=(17)
cfn=(50)
calls=99 131 
* 252
* 35
+1 35
-1 35
+3 35
+2 70
+4 36
-4 72
+1 117
cfi=(17)
cfn=(50)
calls=103 131 
* 671
* 78
-5 3
+11 47
-1 32
+1 128

fn=(132)
45 1
+7 1
-7 3
+7 1
-7 1
+1 1
-1 2
+7 1
cfi=(23)
cfn=(104)
calls=1 +29 
* 5
+1 1
-1 1
+1 1
+2 4
cfi=(32)
cfn=(112)
calls=1 -21 
* 10
* 2
+2 1
+3 1
-3 1
+3 1
+13 2
cfi=(23)
cfn=(118)
calls=1 +8 
* 5
+3 7
-14 6
cfi=(25)
cfn=(68)
calls=1 +19 
* 6
* 2

fl=(27)
fn=(72)
24 7
+1 7
+1 7
+1 7
+1 7
+1 7
+1 7
+1 7
+1 7
+1 7
+1 7
+1 7
+1 7
+1 7
+1 7
+1 7
+1 7
+1 5
+4 5
+1 5
+1 5
+1 5
+2 5
+4 2
+1 2
+1 2
+1 2
+1 2
+1 2
+1 2
+1 2
+1 2
+1 2
+1 2
+1 2
+1 2
+1 2
+1 2
+1 2
+1 2
+1 2
+1 2
+1 2
+1 2
+1 2
+1 2
+1 2
+52 2
+4 2
+1 2
+1 2
+1 2
+2 2

fl=(10)
fn=(20)
34 4
+8 6
+4 2
+11 5

fl=(29)
fn=(138)
205 10
+1 1
cfi=(2)
cfn=(92)
calls=1 797 
* 2
+5 1
-1 1
-4 1
+9 1
+2 1
-3 1
+3 1
cfi=(2)
cfn=(140)
calls=1 656 
* 3129
+2 1
+1 1
+1 8

fn=(90)
163 6
+15 3
-3 6
+1 6
-13 6
+14 6
+1 3
+2 3
cfi=(2)
cfn=(92)
calls=3 797 
* 6
+2 3
-1 3
+4 3
-5 3
+2 3
+3 3
-4 3
+4 3
cfi=(30)
cfn=(94)
calls=3 26 
* 57
* 9
+2 9
cfi=(33)
cfn=(122)
calls=2 60 
* 7290
cfi=(2)
cfn=(96)
calls=1 624 
* 2458
+1 6
+2 3
+1 3
-3 3
+1 6
+1 3
+1 3
+8 12

fl=(32)
fn=(112)
34 3
-1 3
+1 3
+1 18
+4 3

fl=(1) ???
fn=(0) 0x00000000000012d0
0 2
cfi=(2)
cfn=(2)
calls=1 361 
0 100917
0 14
cfi=(48)
cfn=(202)
calls=1 86 
0 1801
0 3
cob=(5)
cfi=(59)
cfn=(242)
calls=1 0 
0 3123692774

ob=(4)
fl=(49)
fn=(210)
0 16

ob=(3)
fl=(42)
fn=(174)
37 1
-1 1
fi=(43) /build/eglibc-MjiXCM/eglibc-2.19/time/../sysdeps/generic/dl-hash.h
+8 1
fe=(42)
-7 2
fi=(43)
+8 1
fe=(42)
-8 1
fi=(43)
+6 1
+5 3
+1 2
+13 2
-17 3
+3 9
+1 6
+13 6
-17 9
+22 1
fe=(42)
-30 2
+3 2
-3 1
+3 1
cfi=(44) /build/eglibc-MjiXCM/eglibc-2.19/elf/../sysdeps/unix/sysv/linux/dl-vdso.c
cfn=(178) _dl_vdso_vsym
calls=1 -13 
* 7
* 3
+1 3

fl=(53) /build/eglibc-MjiXCM/eglibc-2.19/misc/init-misc.c
fn=(224) __init_misc
30 4
+1 5
+2 3
cfi=(54) /build/eglibc-MjiXCM/eglibc-2.19/string/../sysdeps/x86_64/strrchr.S
cfn=(226) rindex
calls=1 -9 
* 24
+4 5
+1 3
+2 4

fl=(62)
fn=(256)
133 7
+4 1
-4 3
+4 3
+82 1
-82 1
+82 1
+1 4
cfi=(63) /build/eglibc-MjiXCM/eglibc-2.19/stdlib/cxa_atexit.c
cfn=(258) __cxa_atexit
calls=1 57 
* 60
+22 6
+3 2
+1 5
cob=(5)
cfi=(59)
cfn=(262)
calls=1 0 
* 55
+4 4
+15 2
+9 2
cfi=(64) /build/eglibc-MjiXCM/eglibc-2.19/setjmp/../sysdeps/x86_64/bsd-_setjmp.S
cfn=(276) _setjmp
calls=1 30 
* 29
+1 2
+5 2
+1 2
+3 2
+3 6
cob=(5)
cfi=(67)
cfn=(282)
calls=1 102 
* 3123691624
137 2

fl=(144)
fn=(746)
32 1
+1 1
+2 1
+1 1
+1 1
+1 1
+1 1

fl=(50)
fn=(218)
52 8
+6 3
+14 1
fi=(51) /build/eglibc-MjiXCM/eglibc-2.19/csu/../sysdeps/generic/dl-hash.h
-28 1
fe=(50)
+26 1
+1 1
fi=(52) /build/eglibc-MjiXCM/eglibc-2.19/csu/../sysdeps/unix/sysv/linux/x86_64/init-first.c
-33 1
fi=(51)
+7 1
fi=(52)
-7 1
fe=(50)
+34 1
fi=(52)
-34 2
fi=(51)
+5 1
+5 3
+1 2
+13 2
-17 3
+3 9
+1 6
+13 6
-17 9
+22 1
fi=(52)
-29 2
+2 2
-2 1
+2 2
cfi=(44)
cfn=(178)
calls=1 -13 
* 7
+1 2
+5 2
-3 2
+1 1
+2 1
cfi=(44)
cfn=(178)
calls=1 -19 
* 7
fe=(50)
+40 1
fi=(52)
-36 1
fe=(50)
+36 2
fi=(52)
-36 2
+1 2
+1 1
fe=(50)
+34 1
cfi=(53)
cfn=(224)
calls=1 -56 
* 48
+8 1
cfi=(55) /build/eglibc-MjiXCM/eglibc-2.19/ctype/ctype-info.c
cfn=(228) __ctype_init
calls=1 -63 
* 16
+5 6
-34 1
-7 1
+7 4
fi=(52)
-23 2
fe=(50)

fl=(55)
fn=(228)
31 5
+2 1
-2 2
+2 3
+2 5

fl=(40)
fn=(180)
140 1
+1 1
+4 1
+1 1
+1 1
+2 1
+1 1
+4 1
+1 1
+1 1
+2 1

fn=(170)
114 1
+1 1
+1 1
cfi=(41) /build/eglibc-MjiXCM/eglibc-2.19/csu/../sysdeps/x86_64/multiarch/init-arch.c
cfn=(172) __init_cpu_features
calls=1 -62 
* 74
+3 1
+1 1
+1 1
+2 1
+1 1
+4 1
+1 1
+1 1
+2 1

fl=(64)
fn=(276)
30 1
+2 1
cfi=(65) /build/eglibc-MjiXCM/eglibc-2.19/setjmp/../sysdeps/x86_64/setjmp.S
cfn=(278) __sigsetjmp
calls=1 -6 
* 27

fl=(44)
fn=(178)
27 4
-1 4
+1 4
+4 8
-3 8

fl=(56)
fn=(234) intel_check_word
162 12
+6 6
-7 12
+7 12
-7 6
+7 12
-7 6
+7 6
+2 6
-2 6
+2 16
+2 5
+2 10
-2 8
+2 16
+8 26
+53 26
fi=(57) /build/eglibc-MjiXCM/eglibc-2.19/string/../bits/stdlib-bsearch.h
27 13
+1 26
+3 26
+1 13
fe=(56)
150 26
fi=(57)
31 42
+1 21
fe=(56)
150 42
+3 84
fi=(57)
29 61
+2 61
-2 61
+2 106
+1 53
fe=(56)
150 106
275 12
+14 2
+6 11
170 22
-6 4
300 16
fi=(57)
37 23
-8 48
fe=(56)
277 2
+2 4
+21 4
-19 2
+19 4

fn=(232) handle_intel
306 4
-1 4
+17 2
-17 12
+14 2
+1 4
-3 6
+23 10
cfn=(234)
calls=2 162 
* 652
+1 4
+3 10
cfn=(234)
calls=2 162 
* 325
+1 4
+3 5
cfn=(234)
calls=1 162 
* 20
+1 2
+3 5
cfn=(234)
calls=1 162 
* 89
+1 2
-25 4
+5 2
-5 4
+5 2
+2 2
+1 2
-1 4
+27 16

fn=(230)
550 1
+13 1
-13 1
+13 1
-13 1
+13 1
+7 2
+2 3
cfn=(232)
calls=1 306 
* 734
+4 2
-4 1
+4 1
cfn=(232)
calls=1 306 
* 464
+2 1
-2 1
-1 1
+3 1
+29 1
-18 1
+18 3
+7 2
+9 20
-9 12
+6 6
-6 3
+6 2
+49 4
+75 2
+2 1
+1 1
+2 1
-3 1
+5 1
-5 1
+4 3
+4 2
+2 1
+1 1
+2 1
-3 1
+5 1
+2 1
-7 1
+4 2
+3 1
-3 1
+3 2
-93 5
-45 2
+6 5
+7 2
+4 4
+2 4
-6 4
+4 1
-2 1
+2 1
-4 3
+4 1
-2 1
+2 1
+15 2
-8 1
+2 2
+1 1
-1 2
+1 1
+1 1

fl=(145)
fn=(748)
25 620670
+1 620670
+1 620670
+1 620670
+1 620670
+1 620670
+1 618774
+1 618774
+1 616247
+1 616247
+1 616247
+1 616247
+1 616247
+1 616247
+2 620670
+1 620670
+4 612801
+1 612801
+1 612801
+1 612801
+1 612801
+1 612801
+1 606753
+1 606753
+1 606753
+1 606753
+1 606753
+1 606753
+1 606753
+1 606753
+1 606753
+1 606753
+1 600903
+1 600903
+1 600903
+1 600903
+1 600903
+1 600903
+1 600903
+1 600903
+1 600903
+1 600903
+1 600903
+1 600903
+1 600903
+1 600903
+4 600903
+1 600903
+1 600903
+1 600903
+1 600903
+1 600903
+1 600903
+1 600903
+1 600903
+1 600903
+1 600903
-10 22997654
+1 22997654
+1 22997654
+1 22997654
+1 22997654
+1 22997654
+1 22997654
+1 22997654
+1 22997654
+1 22997654
+1 22997654
+1 600903
+2 1896
+1 1896
+1 1896
+2 1896
+1 1896
+1 1896
+1 1896
+1 1896
+1 1896
+1 1896
+1 1896
+1 1896
+1 1896
+1 1896
+1 1896
+1 1896
+1 1896
+1 1896
+1 1896
+1 1896
+1 1896
+1 1896
+1 1896
+2 1896
+1 1896
+1 1896
+1 1896
+1 1896
+1 1896
-5 3904387
+1 3904387
+1 3904387
+1 3904387
+1 3904387
+1 3904387
+1 1896
+1 1896
+2 1008
+1 1008
+1 1008
+1 1008
+1 1008
+1 126
+2 2527
+1 2527
+24 2527
+1 2527
+1 2527
+1 2527
+1 2527

fl=(58)
fn=(238)
33 3
+1 1

fl=(41)
fn=(172)
54 1
-9 1
+9 1
+3 1
-3 1
+3 5
+95 2
+1 7
+7 3
+24 2
+5 1
+1 1
+2 1
+1 2
-9 4
+1 5
+1 2
31 2
+6 1
-6 1
+7 1
-1 1
+28 1
-27 1
+27 1
-28 1
+2 1
-1 1
+1 1
+26 1
+1 1
-35 4
+35 1
+5 1
-12 1
+12 1
+3 8
+49 1
-64 1
+68 1

fl=(92)
fn=(700)
81 622512
+1 155628

fl=(45)
fn=(182)
31 1
-1 1
fi=(43)
+14 1
fe=(45)
-13 2
fi=(43)
+14 1
fe=(45)
-14 1
fi=(43)
+12 1
+5 3
+1 2
+13 2
-17 3
+3 9
+1 6
+13 6
-17 9
+22 1
fe=(45)
-36 2
+3 2
-3 1
+3 1
cfi=(44)
cfn=(178)
calls=1 -7 
* 7
+1 3
+1 3

fl=(54)
fn=(226)
24 1
+1 1
+1 1
+1 1
+1 1
+1 1
+1 1
+1 1
+1 1
+1 1
+1 1
+1 1
+1 1
+1 1
+1 1
+1 1
+1 1
+1 1
+1 1
+1 1
+1 1
+1 1
+1 1
+1 1

fl=(46)
fn=(186)
49 1
-49 12

fl=(65)
fn=(278)
26 1
+9 1
+1 2
+1 1
+4 1
+1 1
+1 1
+1 1
+1 1
+2 2
+2 1
+1 1
+3 2
+2 1
+9 1
cfi=(66) /build/eglibc-MjiXCM/eglibc-2.19/setjmp/sigjmp.c
cfn=(280) __sigjmp_save
calls=1 -35 
* 9

fl=(66)
fn=(280)
29 2
-1 2
+1 2
+5 3

fl=(63)
fn=(258)
57 6
-22 2
cfn=(260) __new_exitfn
calls=2 +38 
* 38
+2 2
+4 1
+3 1
+1 1
-4 2
+2 1
+4 1
+1 1
+11 4

fn=(260)
73 1
+6 2
-6 3
+6 4
+2 4
-7 2
+9 3
-2 1
+10 1
-10 3
+45 1
+1 1
+3 4
+3 5
-21 1
+1 2

totals: 3123795511
